              precision    recall  f1-score   support

          c0     0.2115    0.0374    0.0636       294
          c1     0.4768    0.6364    0.5452       275
          c2     0.6897    0.5054    0.5833       277
          c3     0.1662    0.2052    0.1836       268
          c4     0.1339    0.0534    0.0763       281
          c5     0.4619    0.6547    0.5417       278
          c6     0.5581    0.5538    0.5560       260
          c7     0.5214    0.5776    0.5481       232
          c8     0.0732    0.0116    0.0200       259
          c9     0.1101    0.3084    0.1622       227

    accuracy                         0.3504      2651
   macro avg     0.3403    0.3544    0.3280      2651
weighted avg     0.3414    0.3504    0.3264      2651
