              precision    recall  f1-score   support

          c0     0.4771    0.7789    0.5917       294
          c1     0.7941    0.2945    0.4297       275
          c2     0.6926    0.5776    0.6299       277
          c3     0.9316    0.4067    0.5662       268
          c4     0.3937    0.6655    0.4947       281
          c5     0.5116    0.9532    0.6658       278
          c6     0.5340    0.6038    0.5668       260
          c7     0.8495    0.6810    0.7560       232
          c8     0.3947    0.2896    0.3341       259
          c9     0.6207    0.1586    0.2526       227

    accuracy                         0.5496      2651
   macro avg     0.6200    0.5410    0.5288      2651
weighted avg     0.6156    0.5496    0.5315      2651
