              precision    recall  f1-score   support

          c0     0.5424    0.8265    0.6550       294
          c1     0.8440    0.3345    0.4792       275
          c2     0.5583    0.7256    0.6311       277
          c3     0.8202    0.5448    0.6547       268
          c4     0.6558    0.6441    0.6499       281
          c5     0.5579    0.9712    0.7087       278
          c6     0.6741    0.3500    0.4608       260
          c7     0.7917    0.5733    0.6650       232
          c8     0.2635    0.4517    0.3329       259
          c9     0.8163    0.1762    0.2899       227

    accuracy                         0.5711      2651
   macro avg     0.6524    0.5598    0.5527      2651
weighted avg     0.6480    0.5711    0.5584      2651
